sss9s:0.00032618666045891587
sss8s:0.00034092424266418675
sss3s:0.00028750494857376907
sss2s:0.00028124196910314387
sss1s:0
sss7s:0.0002853913329090574
sss6s:0.0002987306770592113
sss5s:0.00031460204991162755
sss4s:0.0003326010019009118
